    0.01000000	           NaN
    0.04000000	           NaN
    0.07000000	           NaN
    0.10000000	           NaN
    0.13000000	           NaN
    0.16000000	           NaN
    0.19000000	           NaN
    0.22000000	           NaN
    0.25000000	           NaN
    0.28000000	           NaN
    0.31000000	           NaN
    0.34000000	           NaN
    0.37000000	           NaN
    0.40000000	           NaN
    0.43000000	           NaN
    0.46000000	           NaN
    0.49000000	           NaN
    0.52000000	           NaN
    0.55000000	           NaN
    0.58000000	           NaN
    0.61000000	           NaN
    0.64000000	           NaN
    0.67000000	           NaN
    0.70000000	           NaN
    0.73000000	           NaN
    0.76000000	           NaN
    0.79000000	           NaN
    0.82000000	           NaN
    0.85000000	           NaN
    0.88000000	           NaN
    0.91000000	           NaN
    0.94000000	           NaN
    0.97000000	           NaN
    1.00000000	           NaN
